1.9478784747418584e-88,1.0
1.7946994919006035e-81,1.0
1.3960477047508897e-75,1.0
0.9999985389477147,1.461052285254682e-06
3.176586016527154e-110,1.0
1.3308630484883174e-108,1.0
1.354441208515968e-32,1.0
1.0404590882060754e-61,1.0
7.895680486580946e-98,1.0
0.9999999992205004,7.794996375296918e-10
8.26059135667927e-20,1.0
5.901643064341044e-63,1.0
2.559977115446193e-42,1.0
1.2897224831235566e-59,1.0
0.9927725081905486,0.007227491809451348
0.9918740750276851,0.008125924972314897
0.999996291344838,3.7086551620303762e-06
1.0659199335033036e-78,1.0
5.080165530383628e-87,1.0
0.9999951068893126,4.893110687410035e-06
0.9999953018326188,4.698167381298181e-06
0.9999999997978876,2.0211245084409425e-10
9.400370344507598e-67,1.0
0.9999805259239355,1.9474076064440486e-05
0.9999127380065334,8.726199346668829e-05
4.5681132321117155e-101,1.0
0.9999660996532068,3.390034679323786e-05
1.384813268054666e-77,1.0
0.9999951850496415,4.814950358509022e-06
0.9999889754794602,1.1024520539775766e-05
6.828985802158528e-14,0.9999999999999317
3.5130870085993074e-105,1.0
0.9999839672500613,1.6032749938597013e-05
0.9999517071272057,4.829287279423815e-05
1.5158754687661764e-78,1.0
1.2033670223503793e-21,1.0
1.846556506453447e-80,1.0
1.365740107303377e-129,1.0
0.99920058696376,0.0007994130362400327
0.9995984288919845,0.00040157110801549085
0.9999158297202683,8.41702797316645e-05
4.942592718161265e-65,1.0
1.0157365405443533e-13,0.9999999999998983
0.9997243736056703,0.0002756263943297865
1.014486350918153e-86,1.0
0.9999828738902854,1.7126109714609117e-05
1.1585528894746144e-137,1.0
0.9999999999996957,3.0439131958483444e-13
0.9999873352990197,1.2664700980256335e-05
4.059900374439727e-108,1.0
9.305325622879861e-110,1.0
2.1075694734979545e-89,1.0
0.9993889908032156,0.0006110091967842994
0.999311731687727,0.0006882683122730403
4.8186502653560145e-62,1.0
3.043383660605479e-40,1.0
7.443502980496724e-34,1.0
1.7036883069108185e-38,1.0
3.352243260841722e-81,1.0
0.9999973655913073,2.6344086927677756e-06
7.002365532014792e-136,1.0
3.5076850078374796e-41,1.0
0.9966844136400576,0.0033155863599424215
4.0334010679453446e-26,1.0
1.60609984384251e-90,1.0
4.3979544355914145e-98,1.0
1.0,3.272308868032195e-20
1.675717926465879e-92,1.0
1.0,1.0021592678441898e-23
3.3557626623138514e-56,1.0
7.659811371443488e-71,1.0
3.58789476023499e-33,1.0
6.192473512572182e-181,1.0
8.723289732395381e-18,1.0
0.9999999999884981,1.150196372479239e-11
1.3611696799609045e-29,1.0
0.9999560343330565,4.396566694350487e-05
0.999787394958071,0.00021260504192897281
1.0,9.309504418752544e-21
0.9999906966788077,9.303321192345702e-06
1.0,4.943059789737949e-23
3.0034332061260126e-55,1.0
1.1681422772054015e-120,1.0
2.631864539836618e-17,1.0
1.926652525309059e-57,1.0
2.9854419894641366e-110,1.0
0.999999954720897,4.527910298804161e-08
0.9999386752299542,6.132477004595487e-05
1.77097181815324e-30,1.0
1.0617930342216586e-31,1.0
0.9999861682031838,1.3831796816334768e-05
0.999993628240836,6.3717591639670125e-06
8.388207432537923e-105,1.0
9.672503712780659e-61,1.0
1.6319655305853481e-46,1.0
0.999913093707729,8.690629227102251e-05
1.549956728135481e-79,1.0
4.713420803402522e-54,1.0
0.9991750374936013,0.0008249625063987802
1.0,2.769147941404192e-22
2.709922142488477e-80,1.0
0.999999999986179,1.3820950673618199e-11
1.936006331595424e-56,1.0
1.6925519455249652e-94,1.0
0.9999999999988202,1.179854073534327e-12
3.995611693250487e-158,1.0
7.860028896981383e-125,1.0
1.0,2.418611784275632e-23
8.936797690732266e-69,1.0
0.9999999997232422,2.7675778614915973e-10
1.4377941560928847e-37,1.0
6.594433699142944e-87,1.0
0.9999113915753899,8.860842461010575e-05
0.9999998789980743,1.2100192579794784e-07
1.7369722367771898e-108,1.0
0.9999979205754242,2.0794245757884147e-06
1.1385088421919389e-95,1.0
3.2051006028612467e-103,1.0
4.5884102540928275e-61,1.0
1.0,1.83515617452149e-20
3.567767918402947e-56,1.0
0.9999999999922042,7.795791756234409e-12
0.9997301597827156,0.0002698402172843715
0.999909485116858,9.051488314200491e-05
9.47162280973663e-70,1.0
4.107244724951666e-81,1.0
0.9998168169788088,0.0001831830211913293
1.7466475277201066e-88,1.0
0.9985572481053351,0.0014427518946648471
0.9994459987288096,0.0005540012711905385
2.2858545277492288e-82,1.0
6.251696743116025e-116,1.0
0.9997105238754451,0.00028947612455485465
1.2141087649342728e-106,1.0
0.9999302824404318,6.971755956829171e-05
0.9999999972799682,2.7200318531475256e-09
0.9999572452879874,4.275471201269671e-05
0.9997034407328834,0.0002965592671165162
0.9999410925046334,5.8907495366587875e-05
1.4360074610948467e-45,1.0
6.820215083244477e-89,1.0
2.992235313703691e-54,1.0
1.235920880902183e-53,1.0
0.9999998527269357,1.4727306440177178e-07
4.030021103081085e-76,1.0
0.9999999945859832,5.414016830126412e-09
1.760290323586318e-84,1.0
2.4992628692082026e-67,1.0
0.9999779884714737,2.2011528526232006e-05
0.9992616145580443,0.0007383854419557136
0.9999935640709009,6.435929099219295e-06
1.5502737968791336e-113,1.0
1.4877419288914195e-49,1.0
1.1836746168400676e-126,1.0
0.999655430881529,0.0003445691184710892
0.9997921754843035,0.00020782451569651778
2.6610064145575535e-68,1.0
1.9937147407863257e-38,1.0
4.8121535679595293e-91,1.0
1.3219650759280368e-82,1.0
4.041134128557386e-34,1.0
9.312694163716311e-28,1.0
0.5146468132598719,0.4853531867401281
1.237604580944022e-106,1.0
0.997152578664001,0.002847421335999034
3.3580353105226646e-66,1.0
1.8541609315814594e-49,1.0
0.9998888693972017,0.00011113060279824928
5.066272495734943e-66,1.0
1.0,1.8331096368459615e-32
0.9999757866409879,2.4213359012104652e-05
0.9998922568956368,0.00010774310436320577
0.9997018398393961,0.0002981601606038935
0.9999993793392038,6.206607961737329e-07
1.420911280532911e-159,1.0
4.5583627660103884e-54,1.0
6.938240398326681e-23,1.0
3.824515310025333e-67,1.0
1.0,1.2772181865277679e-26
5.854922572884918e-39,1.0
6.34923507175263e-122,1.0
1.3471886113607055e-50,1.0
0.99990573525412,9.426474588008872e-05
1.0,3.6451499324210693e-29
0.999515729698475,0.00048427030152504346
1.0900158752159812e-83,1.0
1.2538723662057709e-18,1.0
0.9999936137891113,6.386210888615205e-06
4.2193902715386884e-51,1.0
5.258164778666304e-56,1.0
3.4028521851660484e-123,1.0
0.9991386501112838,0.0008613498887161882
4.643042319945146e-106,1.0
0.9999907291815725,9.270818427522784e-06
1.9832576353164181e-100,1.0
0.9999999999908331,9.166899643661449e-12
1.0074147528160035e-109,1.0
0.9997843461443073,0.00021565385569258217
4.2223229692887446e-101,1.0
0.9998266456736099,0.00017335432639012125
1.1390777526881866e-80,1.0
3.874522658162484e-152,1.0
1.0,9.909222486877134e-18
0.9998630960927416,0.00013690390725838394
0.9996508579633355,0.0003491420366644522
0.9999999999972219,2.7781588395994588e-12
1.3084793474524534e-121,1.0
7.150652611563492e-61,1.0
0.9999900064378161,9.993562183977389e-06
1.7344142343864697e-84,1.0
1.8867591827228585e-26,1.0
4.1730878210958766e-57,1.0
0.9999753690772368,2.4630922763175034e-05
2.361995890249874e-45,1.0
1.1768077174410881e-96,1.0
6.166734809558794e-129,1.0
0.999999967916425,3.2083575028750725e-08
0.9999998846963652,1.153036347709254e-07
0.9999982569353029,1.7430646971813146e-06
0.9999999990739074,9.260926884405902e-10
0.9999999999997488,2.5129346279433737e-13
0.9999772949617971,2.2705038202938555e-05
8.401233597368258e-78,1.0
2.479034448017481e-66,1.0
1.0,1.0272746833516097e-32
5.1398219717991075e-49,1.0
0.9999999996605046,3.3949538683042453e-10
1.5135245364743482e-89,1.0
0.9996912616072011,0.00030873839279888486
4.3422091446545216e-17,1.0
0.9996547495715105,0.00034525042848956226
0.9993341385937022,0.0006658614062977522
1.4246331449326756e-91,1.0
3.1180102531450564e-36,1.0
6.5545781245688054e-77,1.0
0.9999999999331991,6.680082245133608e-11
0.9990822196146545,0.0009177803853454945
0.9991792172231787,0.000820782776821287
0.9998124422914901,0.00018755770850998048
9.794386813374273e-85,1.0
3.198160746013839e-109,1.0
0.9999873387751824,1.2661224817603805e-05
0.9999654243644364,3.457563556363913e-05
1.4039406876488918e-118,1.0
1.0558685155804305e-147,1.0
0.999999561035614,4.38964386009052e-07
0.999999684632126,3.153678740817774e-07
5.067817950673906e-83,1.0
8.619155974074036e-32,1.0
1.8167498648145483e-154,1.0
7.557343292925318e-88,1.0
5.731795196612799e-64,1.0
0.9999986758799011,1.324120098923463e-06
0.9999999999971964,2.8036868204927085e-12
4.9047416080682055e-60,1.0
5.3957692286652165e-68,1.0
0.9999999994834228,5.165771706124145e-10
3.3644307678359034e-16,0.9999999999999997
0.9998831876310841,0.00011681236891586771
1.0,2.451726817874696e-19
4.624746450955492e-44,1.0
0.9999438112853569,5.618871464303054e-05
3.424603248624437e-144,1.0
8.074600198802429e-117,1.0
1.3812433408129691e-139,1.0
0.9995452143669379,0.0004547856330621449
0.9999999354639557,6.4536044255964e-08
8.14231043076196e-87,1.0
0.999999999856433,1.4356710060295121e-10
9.896104800123635e-70,1.0
