0.9999998949888009,1.9971315997593014e-09,1.0301406739171202e-07,3.4087695072327473e-20
0.5895124467237547,1.910732582481658e-14,0.4104875532762262,2.3188297360217592e-33
3.0796765917446785e-43,2.3372713264349768e-12,2.9057388976557066e-23,0.9999999999976628
7.852813976144206e-10,0.9999990999154789,2.828427486187121e-24,8.992992397330653e-07
8.760722170152604e-16,0.9999942449014693,2.9777699343323947e-28,5.7550985298959764e-06
8.990903607794468e-11,5.403999560571757e-23,0.999999999910091,2.447874448782511e-40
0.00021600988855851943,6.481038477293876e-15,0.999783990111435,1.016318028337564e-29
1.9570491404876804e-56,3.855938565230242e-15,2.3414898803812454e-30,0.9999999999999961
0.9999947096811914,1.165290565202257e-06,4.125028242031092e-06,1.5515003718296248e-15
7.58723269368372e-48,5.251297660175183e-14,1.027437552776036e-24,0.9999999999999476
0.9717218650888458,9.356116802690936e-15,0.028278134911144788,3.909858486028229e-34
2.0416942736410857e-18,0.9999998132506195,8.08573734682623e-33,1.8674938042708227e-07
0.9999462873534075,3.228235865737968e-10,5.371232376889951e-05,1.7458442349122327e-22
2.3766832640125946e-32,6.653973866467976e-07,7.457013228915192e-23,0.9999993346026133
7.386413516026726e-15,0.9999983796957044,1.938373802119139e-28,1.620304288255167e-06
0.9999963130603241,3.6869325495961367e-06,7.107356511353157e-12,1.877286599161841e-14
0.9999965959089779,1.5907627536571463e-08,3.3881833945117453e-06,6.428039245967874e-19
3.6041502795773387e-32,1.1779627379970923e-06,3.7771279556356417e-23,0.999998822037262
2.644486532069967e-44,5.665787979055443e-13,3.793979834671185e-23,0.9999999999994335
0.005520735182299647,2.39997775708085e-09,0.9944792624177226,6.220122499727373e-19
0.22605278129237635,4.215272484029406e-15,0.7739472187076194,1.4251868534341135e-34
2.05596856726177e-31,0.0001619945639119266,3.35665980137987e-26,0.999838005436088
0.5221346506209796,7.861660819193857e-16,0.4778653493790196,3.5390961339736776e-37
0.9971599591321756,3.553513346965166e-12,0.00284004086427087,2.7599643417027612e-27
5.8399554261352976e-12,0.9977007981087529,2.5712045264393666e-19,0.0022992018854072938
0.994388386867,4.676712838823121e-12,0.005611613128323192,4.226340354058116e-27
6.026449700888321e-20,0.9999999274342355,1.4697450933813944e-34,7.256576444844725e-08
8.452486707594172e-21,0.9999998216047253,1.4876543671101899e-34,1.783952745646288e-07
2.6809775758147014e-52,2.6079052595120677e-15,1.4290262047781136e-26,0.9999999999999974
1.4908548151875594e-23,0.9999999995304866,4.096701760529934e-40,4.695135002982211e-10
3.608639653914485e-13,0.999990140266759,1.7301323475333788e-25,9.859732879995501e-06
1.182451205048149e-44,2.5412490714089203e-13,8.093980518779288e-23,0.9999999999997458
0.999998634670874,2.3743576674672517e-08,1.3415855494795212e-06,1.579528986148671e-18
4.4996921932574427e-14,0.9999999976251186,1.2945437446021492e-32,2.374836500438485e-09
0.00010567779362410294,3.854800648771729e-19,0.999894322206376,3.3887551331788735e-40
0.9999999362556892,2.4362822211971712e-09,6.130802857387232e-08,5.596916477074645e-20
1.8822578030517267e-36,2.161840689099895e-08,4.5028059390296986e-24,0.999999978381593
3.732027027506635e-47,1.8601277259346292e-12,8.236079555341943e-27,0.9999999999981399
2.076093447346646e-21,0.9980923997520686,1.5893137598924639e-28,0.0019076002479313553
0.033088123196258826,2.2527610734752425e-11,0.9669118767812136,3.355439385476546e-24
3.059296066777514e-05,1.108452026250126e-19,0.9999694070393322,9.326650490612727e-41
3.7840180375143565e-12,0.9993275426892247,1.0308224510951567e-20,0.0006724573069913171
1.718315127345356e-12,0.9999999905631964,2.2991929413494077e-30,9.435085278392114e-09
0.9999997066681217,2.595723068395642e-09,2.9073615529592726e-07,4.015683608768984e-20
4.4811887202999413e-07,7.444095244116965e-21,0.999999551881128,8.416688318993035e-41
8.297389289289344e-09,1.0894626785833106e-21,0.9999999917026107,3.877500163853066e-40
0.9999988903514304,1.1004558151898872e-06,9.192752312877662e-09,2.13993188077435e-15
0.9757976658669778,6.766565144297978e-12,0.024202334126255616,6.882585600244447e-27
2.659950004286118e-37,1.0232091358731352e-10,2.883910532488541e-20,0.9999999998976791
0.9999983506774965,8.524202506722503e-07,7.969022517352159e-07,1.0016040411984491e-15
0.734994252012621,1.2101856193091336e-16,0.26500574798737886,7.789730772176932e-40
8.379864569930522e-05,1.386438507901139e-17,0.9999162013543007,7.772554506916483e-36
5.570503075540347e-13,0.9998269565927604,7.540690539458639e-23,0.000173043406682472
3.2744959971456444e-45,3.9958325828570605e-12,1.285640602418615e-25,0.9999999999960041
2.026281514177793e-06,3.146017068746107e-19,0.9999979737184858,1.4166620656105292e-37
0.9992876724415948,0.0007123273199651281,1.9475547821327554e-10,4.368451053786182e-11
0.0033406437115067636,6.388780662980877e-20,0.9966593562884932,2.4790489937555514e-45
0.9976455718334638,2.153160031620684e-13,0.002354428166320808,3.861637389891599e-30
3.424688136605069e-34,8.389688276855191e-05,4.7953966385040355e-28,0.9999161031172314
0.9998917603512992,3.8278889773009977e-13,0.00010823964831798985,1.1214779209514242e-28
1.2793160450599284e-09,3.0429712310498176e-20,0.9999999987206839,3.019767417173753e-35
0.9999964133633784,2.021154752511875e-06,1.5654818647465566e-06,4.3231157397455576e-15
2.1028168937131993e-11,2.2121415105629253e-21,0.9999999999789718,2.106379507610496e-35
0.9991119146470243,5.963167100271944e-09,0.0008880793898085661,3.77692895953325e-20
1.6330079353591596e-16,0.9999996886688091,5.15501009111253e-31,3.1133119082415813e-07
1.929233347336282e-31,6.843420595566486e-08,7.899279680829543e-20,0.999999931565794
0.9999988345755383,8.080157359740172e-10,1.1646164458643174e-06,3.2128340260074214e-21
0.9999092724556338,7.137843597200092e-13,9.072754365245191e-05,4.300063377096104e-28
1.0722807921330973e-40,1.8895518865488867e-07,2.8155297811222783e-29,0.9999998110448115
2.0816573090241458e-31,1.2834789991829617e-06,1.8531297051700328e-22,0.9999987165210007
0.9918948396627856,1.9935874948697794e-10,0.008105160137855668,1.937436082048051e-23
2.6097116275597255e-19,0.9999903682954105,1.0257566079723995e-30,9.631704589438221e-06
3.3522948093000533e-40,1.511095070634466e-09,1.60049010769649e-25,0.9999999984889049
0.9996664800840243,8.051444681367718e-11,0.00033351983546123,5.7288306947919216e-24
0.9999930624930855,1.0418526867886436e-09,6.936465061886447e-06,3.115789072214198e-21
4.260727324840484e-05,9.550845221012383e-17,0.9999573927267515,3.070534968198179e-33
1.183190874082947e-13,5.301869467662077e-17,0.9999999999998815,8.222492251626489e-23
0.9888702069453528,1.4318426397109575e-10,0.011129792911463052,8.778703749021632e-24
0.999730070310644,3.5860189180354497e-12,0.00026992968577007205,7.047892770681368e-27
0.9999747084579529,3.0535890865025704e-12,2.529153899348508e-05,1.8335727514121493e-26
3.3965667166709045e-15,0.9999999998897487,1.5331672260448295e-35,1.1024784470760729e-10
3.377536414066701e-43,2.988192625894537e-11,2.723519071224142e-25,0.999999999970118
7.916346503527128e-35,8.131196003298654e-07,2.294816293321494e-25,0.9999991868803997
8.754951825908373e-20,0.9999999999965571,9.044637515176152e-41,3.4428779565280056e-12
2.855949737310036e-24,0.9999999999983443,7.12105192520419e-44,1.6557366225396771e-12
1.6796551063007136e-12,3.0049898525446967e-25,0.9999999999983205,2.5997929906999584e-43
5.35935839635132e-35,8.005907006783636e-08,1.0137988041158868e-23,0.9999999199409298
0.9999977117250587,2.288274548316295e-06,3.8304024328530947e-13,1.0093905121510929e-14
2.0624621067936713e-16,0.9999986262054228,7.537479169317475e-30,1.3737945769825378e-06
1.254541325498962e-20,0.9999999999470071,1.2407235719798857e-39,5.299292188078955e-11
1.4255486468419927e-20,0.999999975173276,1.0634324779131382e-35,2.482672405977194e-08
0.9999999544472333,4.522380529770005e-08,3.289614469865579e-10,2.0999834244369553e-17
0.9961759703647098,4.2484055515499124e-13,0.003824029634865241,1.5960421532407794e-29
2.6450027829975725e-07,1.106145521976094e-22,0.9999997354997217,2.07032395722407e-45
1.4758085219016112e-10,0.9999992029131842,4.206560968428048e-25,7.969392349492603e-07
2.1161246101579415e-23,0.0014766408142433125,2.6599980038664384e-20,0.9985233591857566
0.0007079313902305972,1.0118469311814288e-19,0.9992920686097694,2.2650369354994517e-43
0.0039137235905452655,1.4465997181933092e-17,0.9960862764094547,1.5886843988632373e-38
4.56710319806658e-10,9.664954414522989e-19,0.9999999995432897,4.789829516676764e-31
7.66136304104887e-24,0.9999996100711664,4.268980277044429e-36,3.8992883353418435e-07
5.511072985139162e-20,0.9999999996865634,4.077764340631888e-38,3.1343661311948777e-10
0.9999999522131207,2.4406229116038763e-08,2.3380650202755624e-08,3.4954647747320546e-18
0.999999946307116,2.2775881424552028e-08,3.091700264982396e-08,2.9453032002510016e-18
4.4744717257836505e-52,4.656016005773498e-14,1.8768455381243026e-28,0.9999999999999535
1.749543355334865e-06,5.672151338268333e-20,0.9999982504566447,1.9633067429507306e-39
1.5279737728957417e-42,1.4820774215348197e-10,6.582346611258264e-26,0.9999999998517922
8.149513614503736e-45,1.4235563679479864e-12,1.9962514492663165e-24,0.9999999999985764
2.576008241027823e-11,7.62255069249887e-25,0.9999999999742398,3.1825266596239314e-44
2.5753265371788796e-33,3.103897312834059e-08,3.5397344237915424e-21,0.9999999689610269
0.000666500971241428,3.930513627717121e-17,0.9993334990287586,4.589361406340654e-36
3.797280660282855e-58,2.249672104150863e-18,1.3138684984934655e-26,1.0
0.001104817488077121,1.2269088370671809e-18,0.998895182511923,1.3731320394470752e-40
0.9950967319509593,1.4060781222222442e-12,0.004903268047634621,2.5787320411708277e-28
2.3003828889227054e-20,0.9999999010697522,1.2082280238056796e-34,9.893024780146538e-08
1.1995224200039411e-09,2.965067897802948e-23,0.9999999988004776,7.556265629303406e-43
4.008089438482514e-05,9.37521588784386e-18,0.9999599191056152,8.870418939690373e-36
2.4640214540825466e-35,2.3463388330209706e-10,9.021452237844161e-19,0.9999999997653661
0.5357743175759667,4.211491980050848e-16,0.4642256824240328,5.435727101404145e-38
2.4948992122213335e-05,0.9999737195352728,1.1191999721510081e-18,1.3314726049349344e-06
3.5538889439369623e-17,0.9999998930060938,2.775102506767578e-32,1.0699390616486303e-07
6.503467495741851e-20,0.9999050361908101,1.5587368024619202e-29,9.496380918988927e-05
0.9982467455914111,2.633219436335581e-13,0.001753254408325455,7.261496377600133e-30
0.9999973890932274,1.5125361585985733e-11,2.6108916471978167e-06,1.5081370411781e-24
0.9999990957385073,1.955703241525474e-08,8.847044602333407e-07,1.1942328283523991e-18
1.607245969189165e-44,1.761722651595832e-10,9.10026128794778e-28,0.9999999998238277
6.464497637021996e-11,1.430308618888906e-17,0.9999999999353549,2.6762103019723198e-27
0.9999996736982572,3.19229982610248e-08,2.9437874447107464e-07,3.487349758317024e-18
1.7629446446638666e-12,0.9999986547611427,1.7383715529541656e-26,1.3452370943780818e-06
0.9703837435793586,1.2448643656796663e-15,0.029616256420640058,1.5534047999925118e-36
1.129026148985624e-22,0.9999351101070035,6.905267885212402e-32,6.488989299651512e-05
1.6154506669152363e-06,5.267338665673804e-21,0.999998384549333,3.625365090040819e-42
4.354667488580393e-34,3.2012749008508234e-08,4.990547862962028e-22,0.999999967987251
0.18841681390447568,1.2273680311744178e-18,0.8115831860955244,3.841127849398643e-45
0.9999251003724082,2.571510871180389e-10,7.489937044061399e-05,9.998511393177983e-23
5.167027077589958e-35,5.898942518403157e-10,2.5648683919938255e-19,0.9999999994101058
7.942518885799851e-10,5.321336995531125e-22,0.999999999205748,2.6148561959716885e-39
1.5580613079779937e-09,0.9999997171923152,5.357197640137363e-25,2.81249623598917e-07
0.9999891425897126,2.2233064580457046e-10,1.0857187956800626e-05,1.335407346937786e-22
0.9999995517521443,4.790493843467324e-08,4.003429172852199e-07,6.807933585626675e-18
9.516493133976755e-22,0.999979369107257,5.26284320094546e-32,2.0630892742976407e-05
4.544449679251484e-14,0.9999999999508556,2.8115285546034857e-35,4.90988972085443e-11
9.070873620326056e-16,0.999999746388933,1.4132418683405562e-30,2.536110659666943e-07
1.704478585986289e-20,0.9999632312569683,1.1479517085055382e-30,3.676874303176341e-05
3.078480555950608e-27,3.0852908760497835e-07,3.3559514898337874e-16,0.9999996914709119
0.003603655142018727,1.5986842995772933e-19,0.9963963448579813,3.533705653132345e-44
2.9335845964991653e-13,0.9997426292272574,8.707710507791877e-23,0.0002573707724491016
5.259613441107196e-49,1.624203889290465e-13,1.1362207296159222e-26,0.9999999999998376
2.5005950865328922e-14,0.9999998570322273,7.748063268037262e-30,1.4296774776034833e-07
0.9997482727784701,1.9913258931374384e-12,0.0002517272195384742,1.996956367761776e-27
0.9989089752393916,4.3665535417249776e-11,0.0010910247169429082,1.0842315856731469e-24
2.1214355014977017e-34,6.399778918742405e-10,1.158720571429948e-18,0.9999999993600222
6.815539841010607e-09,1.1205213483217885e-17,0.9999999931844601,3.674191400245433e-30
0.999947466907231,1.3967535268995302e-09,5.253169601551536e-05,3.3843013784548144e-21
7.857915747674721e-44,1.1913772494891011e-07,2.3847345890960472e-31,0.999999880862275
2.88757965411731e-24,0.9999999999999967,2.328437065321889e-47,3.3325077006764977e-15
2.174040690055959e-16,0.999999965607108,1.7319343571890197e-32,3.439289182263338e-08
3.542490684926525e-09,1.4496837217186366e-18,0.9999999964575094,7.513095424451933e-32
0.999999877875391,6.483893361175727e-09,1.1564071566977359e-07,2.5569793541246865e-19
4.701035732658376e-52,9.865839624265093e-15,2.4614920125158944e-27,0.9999999999999901
1.42611981709596e-28,0.9999999999996275,4.476735462562173e-47,3.7253413433729486e-13
0.9999967246825325,2.0285385668358328e-10,3.2751146134737415e-06,1.6909215197807112e-22
2.8478780758263726e-27,0.9999999993368772,4.1596469277578597e-42,6.631228499813347e-10
0.9999999618186591,7.26069092545641e-11,3.810873385645838e-08,2.5891891572525407e-22
0.9994429006016997,3.527973940600103e-11,0.0005570993630206895,8.252900908699012e-25
5.936455364336755e-12,0.9999923187044987,1.5873457350467187e-24,7.681289564881948e-06
0.9998096785655497,4.309546014010082e-12,0.00019032143014079063,1.2352017641747687e-26
0.9999998442225281,1.070647447894043e-09,1.5470682448034307e-07,1.0165739315790425e-20
8.81308685707538e-19,0.9997346766896099,7.416601655498692e-28,0.00026532331039018744
3.117995790830697e-10,1.7412093781120578e-19,0.9999999996882005,1.4784198832769401e-32
1.664075063044095e-39,7.916009858775783e-11,1.9307568281883873e-22,0.9999999999208399
1.83695481888212e-25,0.9999999942053978,9.532086298980381e-40,5.7946022906455416e-09
3.9164214068361785e-05,4.354713270604346e-21,0.9999608357859316,6.055654620970465e-45
1.4139758313984644e-18,0.9999998006729522,6.846573495667668e-33,1.9932704766726813e-07
5.595395048467596e-38,4.736075884049873e-10,2.083987486796929e-22,0.9999999995263924
5.835321548413472e-23,0.9999999425970512,9.521481089119342e-37,5.74029488948593e-08
5.813174623685258e-10,1.1085636571201636e-21,0.9999999994186826,2.717420225346724e-38
2.1232185098835726e-32,1.2908937796965637e-08,2.642924392352209e-19,0.9999999870910622
0.9999557023503797,7.765911337865943e-10,4.42968730291499e-05,1.0849878199901117e-21
1.3753571627436575e-05,1.104854243364998e-17,0.9999862464283726,7.026240074934106e-35
2.8501235603176854e-05,1.4808126319625213e-15,0.9999714987643953,4.596516027660649e-30
5.223361398445129e-13,0.9999999999994622,1.040307866786247e-39,1.5466103971079618e-14
1.2732917454815952e-15,4.964500209125082e-23,0.9999999999999987,2.34047799171656e-33
0.9999899821860941,2.51126562360158e-09,1.0015302640361165e-05,1.5598539289641488e-20
1.1637787082315364e-16,0.9999998954270944,6.57234835224332e-32,1.0457290529740929e-07
0.9990921930088396,8.839649729330389e-11,0.0009078069027639924,5.332182406597392e-24
0.9999742945761905,2.3668986398477507e-09,2.5703056910856545e-05,1.127812438010354e-20
1.0684960843696113e-28,9.031767705202292e-08,9.458878620085041e-17,0.9999999096823229
1.533845108698732e-47,2.1432145020241511e-13,1.5554934865226782e-25,0.9999999999997857
0.9999991336161075,1.4189385112013763e-09,8.649649538544861e-07,9.918777001943642e-21
5.778160701750667e-07,6.723876764398454e-22,0.9999994221839298,7.662745664191547e-44
2.1125094498309084e-34,2.0960943159032657e-06,1.101312988838459e-25,0.999997903905684
2.1924902644842407e-42,1.448471455691137e-12,5.9481049570803845e-22,0.9999999999985516
3.256466782013776e-07,0.9999995480530317,2.430966046737888e-23,1.263002900947535e-07
0.9999980096893164,1.990218838589142e-06,9.183780564228166e-11,7.0860114192607244e-15
1.381378753291759e-15,0.9999860643761522,2.1249482814896534e-27,1.3935623846372303e-05
3.4456952695158062e-71,2.6669860239082073e-25,1.531538881938902e-26,1.0
1.0756688920946345e-43,5.552759946840723e-12,1.9578968046280678e-24,0.9999999999944472
1.0639388379644188e-12,0.9999806860281968,1.8026853867346808e-24,1.931397073939408e-05
1.7355632700589836e-37,5.974062175006929e-10,4.275774087888077e-22,0.9999999994025938
7.189556887560108e-13,0.9999999975606048,1.1582499740965653e-31,2.438676153693747e-09
0.9999270764497497,2.5914778264363927e-10,7.292329110262605e-05,1.0234345827259145e-22
5.199867656901027e-09,1.7394735304996626e-19,0.9999999948001324,2.7264869057905835e-34
0.9999475775173475,2.0133740213708447e-11,5.2422462518734535e-05,5.753772119737885e-25
5.440148075837366e-15,0.9999999993332381,3.507174065284688e-34,6.667563086680642e-10
3.0364745490052635e-23,0.9999999999999876,4.5912744003637125e-46,1.247587068046809e-14
4.424131057599457e-54,7.145259031279763e-20,2.56235693326759e-19,1.0
1.2040554989255667e-38,1.5988882632578204e-10,3.730076453922066e-22,0.9999999998401111
0.0006938503207134309,4.961383702956145e-13,0.9993061496787904,6.116429963157352e-26
8.006512288371571e-14,2.671025026367867e-26,0.99999999999992,7.544057011041078e-44
1.3117035225937662e-21,0.15459561314952885,1.2558603660632727e-22,0.8454043868504713
1.985419975609865e-05,6.041548582181189e-20,0.999980145800244,3.7073918547248455e-41
3.8309842671682336e-17,0.9999596922764623,6.493567095477999e-28,4.0307723537767994e-05
8.024183857497797e-45,6.5503953138458376e-12,1.2337943999383245e-25,0.9999999999934496
2.781440033855476e-32,1.0,1.7373199735591906e-58,3.078107830913074e-21
2.2134549598546806e-52,7.464577092909083e-16,1.0853096423796285e-25,0.9999999999999992
3.3480038118935115e-50,9.48973735295644e-15,1.2923208225757845e-25,0.9999999999999906
0.0012858404561699327,8.635904566464128e-18,0.9987141595438301,2.537464939938945e-38
0.9999349652620557,3.5405291856781445e-11,6.50347025390432e-05,1.7140948441427887e-24
1.7098324801260254e-07,6.512284960753044e-18,0.9999998290167519,1.1887049517966916e-32
4.1521714382695824e-32,8.273608287211148e-08,9.266848869130543e-21,0.9999999172639171
0.9999985197059291,1.3514262901919945e-10,1.480158928357523e-06,1.0740749426420535e-22
2.4353936691571043e-05,3.7975951217340825e-22,0.9999756460633085,1.166535605861779e-47
9.334264690751514e-16,0.9999992120114766,9.912759165265349e-30,7.879885225179794e-07
0.9999895362879725,8.555870850117814e-12,1.0463703471783856e-05,2.2912683772589248e-25
0.0007106535630833403,2.8406929424231886e-18,0.9992893464369167,3.196710571729647e-39
0.10325567310978423,7.536010653802042e-18,0.8967443268902157,5.3453034600824493e-42
0.96597353173209,2.3475045237548457e-11,0.03402646824443497,1.1812990416897216e-25
0.9996797686735335,3.708982828751885e-12,0.00032023132275742764,7.036995038312586e-27
3.1257117143623163e-11,1.5210826878315894e-20,0.9999999999687428,1.1763272898799212e-33
3.3337705401041516e-07,1.275316612479066e-20,0.999999666622946,5.7975504528058166e-40
4.947941243854213e-52,9.708112123640058e-15,2.6458922980658177e-27,0.9999999999999903
4.6489085709732685e-21,0.9999998051084864,1.1255386237569557e-34,1.9489151364828617e-07
0.8386862394081923,5.001637111164464e-13,0.1613137605913076,8.937278219151382e-30
1.0515538409844047e-40,8.095208457468709e-14,4.272438123180348e-17,0.999999999999919
2.1771078723668666e-07,4.868727094824409e-14,0.9999997822891641,6.552759327643468e-24
0.9999962324268845,3.7661224874986764e-06,1.4506112291176451e-09,1.6766961966981437e-14
0.9999999073492525,2.5541433392618524e-08,6.710931415833309e-08,3.0833682612723056e-18
0.9995740520633682,2.613418378233657e-11,0.00042594791049766764,4.659184017542418e-25
1.59720781084295e-17,0.9999324213784487,7.69379254023871e-28,6.75786215511931e-05
2.0736421983896964e-56,2.6634081562534247e-17,7.026987243674616e-27,1.0
0.0020750586895420383,8.704236513612758e-22,0.997924941310458,8.065229161358095e-51
0.9998762718091107,2.075872739948104e-12,0.0001237281888133976,3.1821347274165326e-27
0.0005233714370007741,0.9994714336730955,5.565969010627494e-15,5.1948898980723785e-06
2.6438730732934393e-37,5.639752912657234e-09,8.164812516735131e-24,0.9999999943602471
0.9899627897512575,9.179028096671865e-14,0.010037210248650863,2.395383086030456e-31
9.658310422860768e-20,0.9999999819738347,2.4261203604657716e-35,1.8026165399101422e-08
9.24892892253944e-09,1.2976313154439315e-21,0.9999999907510712,5.120178322313587e-40
3.13634060598907e-06,3.771920773736626e-11,0.9999968636216747,3.7433018999775694e-19
6.989471794226617e-19,0.9999999951006177,1.3145854258665126e-35,4.899382387789844e-09
3.481772396972053e-20,0.9999999644311351,3.375259468981012e-35,3.556886484769885e-08
5.696743824331297e-06,7.338232520742024e-14,0.9999943032561023,3.1058338993255856e-25
3.729654514251992e-12,0.9999997103067434,1.9680147881438518e-27,2.8968952701534016e-07
0.9946779489219765,2.961317012455255e-11,0.005322051048410395,3.0032340365310086e-25
1.9925021762968073e-61,6.135084481402369e-18,3.7239726896279344e-30,1.0
8.513389103304753e-58,4.317550149299397e-17,1.8638586028423696e-28,1.0
0.99991823716822,3.139602834537773e-13,8.176283146582033e-05,1.0724090406409342e-28
1.0815722313867084e-22,0.9999999999999971,1.4098551488378221e-46,2.8531993144715602e-15
2.6741084396452952e-49,1.5946362446969436e-13,6.39492833657917e-27,0.9999999999998405
0.9999999412590831,8.692470682574152e-09,5.004844611967188e-08,5.174012327822186e-19
0.996204757562305,2.6569408289465896e-10,0.003795242172000987,4.210467015259215e-23
1.7795676025974765e-10,0.9997479020499437,1.0418702105204692e-19,0.000252097772099605
0.9999828764478638,3.8103173541378724e-12,1.7123548325969453e-05,3.6286484483894066e-26
0.9379705735565911,2.5845708607557845e-12,0.06202942644082439,5.699203005354361e-28
4.9419453399584955e-14,0.9999999999442822,3.6241965478733735e-35,5.566840354427679e-11
3.0569467315048313e-62,7.289550133313219e-18,6.41883805016612e-31,1.0
0.9999955586680773,2.145480120786113e-08,4.419877121343509e-06,1.0721308468640444e-18
0.9999999943116002,3.4478397343304987e-09,2.2405600045879585e-09,2.6848601628587315e-19
0.9999793270379862,2.0671046026613062e-05,1.915750698891968e-09,2.3656370851507656e-13
3.776860152322953e-17,0.999999999787652,1.7989683348901928e-36,2.1234811702386945e-10
3.2856638241544374e-62,2.506196251193682e-19,1.2626439024783e-28,1.0
0.9999999903609668,2.0618742407625798e-09,7.57715896667332e-09,8.210522378072282e-20
0.9999699392573046,5.316770151836252e-10,3.006021101849964e-05,5.601561854454197e-22
3.461369328587433e-18,0.9999999912657831,9.717412511699064e-35,8.734216942057916e-09
8.407312998396315e-12,0.9999996131293734,7.014970270868483e-27,3.868622193399145e-07
5.153948795915116e-05,6.4804331270175e-19,0.9999484605120409,4.834409723075353e-39
4.468105734038635e-53,2.94289663417301e-15,2.3243507783774488e-27,0.9999999999999971
3.637045410718958e-45,1.6404710487607443e-11,1.2327022162815878e-26,0.9999999999835952
0.0011330659947600481,6.196162466630302e-21,0.9988669340052398,1.7867948285527787e-47
0.9999876556028894,5.2251310165300645e-12,1.2344391885566748e-05,8.154616043992187e-26
0.05681249989470306,1.7195362218440994e-18,0.943187500105297,1.794076110824718e-43
5.719383999436216e-58,4.328117309891336e-16,3.668420929347288e-30,0.9999999999999996
1.9989106821639917e-42,1.5955440920943826e-11,4.743944845536345e-24,0.9999999999840445
4.0419632787136426e-37,1.268073528164062e-07,4.833776509449454e-26,0.9999998731926472
5.286867895628618e-46,1.3844618115333317e-11,2.9971409578971455e-27,0.9999999999861554
1.0349526922298092e-07,4.1671214167213855e-20,0.9999998965047308,8.41677193109528e-38
3.587078893564801e-05,6.4657967717898385e-18,0.9999641292110644,4.0061303388071004e-36
8.912450096790684e-19,0.9999999332803643,8.706654946988782e-34,6.671963571891019e-08
1.8996205123223394e-38,1.7367594735966607e-09,5.6581895494641386e-24,0.9999999982632405
7.809029236918934e-53,4.631661382099377e-15,1.7840712039442148e-27,0.9999999999999953
1.8939928417871997e-43,2.0994339755501496e-09,1.4720037086835615e-28,0.999999997900566
3.995673865822076e-11,0.9999842962973216,4.6899014642615743e-23,1.5703662721692897e-05
7.222790453962187e-17,0.9999999658483548,7.499468999926899e-33,3.415164518805164e-08
0.989338046550581,1.8138112751628657e-11,0.010661953431280905,8.29130284131148e-26
2.3850209325094956e-67,3.2704543349663568e-15,8.006764712154764e-38,0.9999999999999968
0.999884113015504,1.4395532268604029e-09,0.00011588554494262854,3.0276000234694517e-21
1.267213026135964e-41,6.959707844852847e-13,1.9944976572963183e-20,0.9999999999993041
4.809298658555677e-48,4.6683487370459236e-12,3.1153378361615156e-28,0.9999999999953317
1.4739238107450846e-20,0.9999999999397647,1.646520142188897e-39,6.023521943422996e-11
7.043036947004934e-06,1.2468061085184369e-20,0.999992956963053,2.904217387925722e-42
2.6730824814409833e-05,2.3015859651065483e-19,0.9999732691751856,8.767574840469581e-40
0.9999869431933056,2.079071978825849e-12,1.305680461528714e-05,1.4936077375582412e-26
3.2298877884819035e-43,1.3590980875027966e-08,1.3975237489031365e-29,0.9999999864090192
1.3412667299526722e-22,0.9982814915212217,1.5737995986706247e-29,0.0017185084787782233
0.0325813765562235,4.169904665489866e-18,0.9674186234437765,8.681198599997684e-42
1.3133892000095781e-65,1.7614003490108579e-19,3.4511314378104988e-31,1.0
1.3302311402752052e-24,0.0009844732912565293,3.256045588640441e-21,0.9990155267087435
7.571657424968686e-08,0.9999999242804117,1.539212178897091e-32,3.0140160084857654e-12
6.620843347244797e-16,0.9999999999999851,1.2497974063687458e-41,1.431463387502939e-14
4.070085577763368e-50,3.8758459715446005e-13,2.9053169267221427e-28,0.9999999999996124
0.9999899129293177,1.00870169838221e-05,5.361911032659489e-11,7.924240041128255e-14
5.3146325838831594e-14,0.9999529336274933,5.611289440855333e-25,4.706637245372035e-05
8.992848331196677e-25,0.9999999992595562,1.4123287786380264e-40,7.404438118459421e-10
0.999998538516514,1.5957917922346577e-10,1.4613239068663565e-06,1.4676730574075315e-22
0.9999992281478872,4.3197607282514047e-10,7.714201367811912e-07,1.1635932524931276e-21
2.3919058110224168e-05,3.173999304900488e-17,0.9999760809418897,4.473828966909644e-34
0.9992573731045504,9.445269059239626e-11,0.0007426268009969312,6.4878080298122965e-24
3.733920541782621e-40,4.793186010506292e-12,1.361243492457445e-20,0.9999999999952068
0.016107690993877804,1.1830446776698887e-12,0.9838923090049392,8.839023962129553e-27
2.62256311649349e-54,3.385687918610137e-17,4.340881464132046e-25,1.0
8.305125193480135e-18,0.9999994377805094,1.3704149495416666e-31,5.622194905975421e-07
5.993960049100372e-14,0.9999999594554622,1.8226072804605127e-30,4.054447787533343e-08
4.82391554507214e-31,1.3350542902833201e-05,5.1167386668598074e-24,0.9999866494570971
5.298997884268743e-12,2.4214385811450515e-27,0.999999999994701,1.0935214669383461e-49
3.43721074428597e-22,0.001210684370254895,9.506947558111122e-19,0.9987893156297452
0.0002481439056474157,5.18826936672148e-16,0.999751856094352,1.649222798685359e-32
0.000212493030872759,6.9897455239326295e-19,0.9997875069691273,5.240984401791893e-40
1.6953419460669103e-11,2.196920514052855e-28,0.9999999999830466,1.6560266379245337e-53
3.180699966753688e-20,0.9999999999991003,7.632456086144085e-42,8.997815096517488e-13
1.5625016070533798e-23,0.9999999999999083,4.1831757887394625e-45,9.178494890784589e-14
0.9999714369995718,2.115650904552505e-08,2.854184391921622e-05,7.774012218472539e-19
0.17359616070312808,1.8591160254841555e-15,0.8264038392968702,2.240050674416542e-35
1.4235338769638275e-14,0.9999999994860748,4.710448984828785e-34,5.139109861754313e-10
3.36285935658185e-44,6.980150988202077e-10,1.9423380991196425e-28,0.9999999993019849
0.9999795331329216,2.4274695376639573e-11,2.046684280374744e-05,1.2633820520696727e-24
2.07172724630825e-52,5.307213762591171e-14,8.002772692149638e-29,0.9999999999999469
8.98672962148843e-16,0.9999999942260933,2.8458681132265916e-33,5.773905941124043e-09
5.9696524948474406e-40,3.385501702601262e-12,5.03528716086323e-20,0.9999999999966146
6.114414973035289e-07,1.8423303235893166e-17,0.9999993885585026,2.4230861439973203e-32
0.9999999672295338,3.228946344096913e-08,4.810028374305692e-10,1.1762303155839037e-17
4.6360988831317206e-05,9.426065588843882e-18,0.9999536390111687,7.167123874505789e-36
0.999795326512607,3.254199414506715e-11,0.00020467345485101338,9.547256437106696e-25
3.171548282278474e-45,1.12706140925217e-12,1.2302158435341193e-24,0.999999999998873
1.9918749450166434e-05,3.786528556615302e-16,0.9999800812505494,2.7782025341114888e-31
1.7869387775755565e-49,8.839579467531523e-12,8.017758316413492e-30,0.9999999999911604
2.284946146496941e-13,0.9999999573367466,5.919542086751148e-30,4.266302493359105e-08
0.9993843935700562,5.110969718883424e-11,0.0006156063788341138,1.7995301215458557e-24
1.0349877900132782e-37,3.1288429851698273e-09,9.856980012504756e-24,0.999999996871157
0.9999985125904591,2.1486549935452196e-11,1.4873880543390239e-06,3.925306944159027e-24
1.2536615882128956e-09,0.9999999987351286,5.457203630559971e-33,1.120991115530653e-11
1.1514211599527564e-07,2.0922138747695127e-17,0.999999884857884,3.4040025256867486e-31
2.357712146492648e-53,3.596250943594693e-17,3.3940913023456916e-24,1.0
1.422002891497978e-43,1.4897648304433727e-08,6.496513840203807e-30,0.9999999851023518
0.9999986046107597,5.919452344992157e-09,1.3894697880471557e-06,1.2254112635221638e-19
1.1992705394824557e-05,2.7820203730272557e-22,0.9999880072946052,1.9416876729866183e-47
4.7649485315873245e-17,0.9999999969622533,1.22144118383521e-34,3.037746597126891e-09
0.9999994853105919,2.050990942275072e-08,4.941794987629263e-07,1.4466147660500128e-18
1.4751573966489518e-14,0.9999998964569458,2.900099339420382e-30,1.0354303963788009e-07
1.0124711838016556e-05,1.1489324578380812e-19,0.999989875288162,6.900723486988373e-40
0.9999968959033998,3.017598153988742e-06,8.64984364697555e-08,9.886014088967399e-15
0.9727180320047197,9.413309514597464e-09,0.027281958581970668,6.372375969954446e-20
