0.9999999998763358,1.2365686621264764e-10,7.26204445183216e-15
0.9999999925826787,7.4173213979089455e-09,2.2005195157375622e-21
3.2526891342693117e-14,6.337197888056958e-18,0.9999999999999676
1.3811801498560681e-14,1.839951263202022e-17,0.9999999999999861
1.0,1.2473483384617359e-17,4.522744595730172e-27
1.8243841889151695e-12,0.999999993709376,6.288799582636536e-09
6.323798817214653e-07,0.9999977689713303,1.5986487878522815e-06
4.078976200982249e-09,0.9999967766676483,3.2192533753535746e-06
1.448008207183112e-17,1.9220485439110016e-21,1.0
1.817106783328705e-12,1.0676150581093947e-15,0.9999999999981818
1.5694578194609311e-06,0.999998430533934,8.246600807895878e-12
3.5428442111102253e-19,2.1817610959077277e-16,0.9999999999999999
0.9999999998272744,1.727252797503235e-10,4.126488549917876e-16
1.1354692700884878e-05,1.5400390184808145e-09,0.9999886437672602
0.9999999999870469,1.2953040095833425e-11,1.8481315219955715e-22
1.2581385773106721e-10,0.9999992177286674,7.821455186900387e-07
0.9999999498253178,5.017468152204201e-08,6.557065403124393e-16
4.0085700983747795e-20,1.3340268633178339e-20,1.0
1.916921768358222e-06,6.184548844133822e-09,0.9999980768936828
0.9999999999717891,2.818463067058727e-11,2.637889671854769e-14
2.0508755333764974e-17,0.9999999998829667,1.170332106396019e-10
3.1445372744732103e-16,1.673150928504493e-16,0.9999999999999996
0.999999999999412,5.880006410524393e-13,2.0326965297470742e-17
0.9999996441016774,3.558983203512327e-07,2.2904552647359673e-15
0.9999999871095767,1.2890313826232126e-08,1.0947115858050446e-13
0.9999999999984827,1.5172635201541195e-12,1.151878650715626e-22
1.217417548023573e-19,6.756560631425109e-22,1.0
1.5089641770949423e-11,0.9999526781645685,4.7321820341834945e-05
9.892352257267063e-15,0.9999999997141571,2.858330622213034e-10
0.9999999999576461,4.235389424272989e-11,4.26181126168204e-21
0.9999999999989919,1.008158676401784e-12,6.459312931656189e-21
6.516445175662371e-12,1.1954264099041473e-07,0.9999998804508426
1.5728518363090409e-13,1.0182857116505295e-10,0.9999999998980141
2.978788821562297e-13,0.9999942739755134,5.726024188886037e-06
7.088747525664243e-07,1.1802327100549786e-06,0.9999981108925374
8.096213384077329e-19,5.52717457818966e-16,0.9999999999999994
0.9999354308940529,6.456350523096886e-05,5.600716082132173e-09
5.0273558235227164e-14,1.2154865732615817e-14,0.9999999999999375
1.7814142066094387e-09,0.9999997853031373,2.1291544859227157e-07
0.9999999272433284,7.275667158040272e-08,6.352268916951297e-18
1.2670492823692677e-10,6.233793357785994e-12,0.9999999998670612
1.6905078267387547e-11,0.9999999998405036,1.4259131495702736e-10
1.4550979745565003e-12,0.9999997806422676,2.1935627722862816e-07
3.2561788127941176e-11,0.9999997596065633,2.403608749247446e-07
2.3551408737661212e-09,0.9999968465578594,3.1510869998260576e-06
0.9999999999905024,9.497660589206614e-12,7.09484812987447e-18
2.9038185043413665e-26,8.89291146997742e-25,1.0
1.637893347402757e-15,2.253808426534054e-15,0.9999999999999961
0.9999999966388834,3.3611165778080443e-09,4.148206839436751e-21
0.9999999999529625,4.703741268882599e-11,1.3563174328891158e-22
0.9999999999979061,2.0939592988067763e-12,3.631707606673956e-23
0.9999999993861857,6.138143914676926e-10,9.05512833770345e-31
0.9999999999795883,2.0411454212199117e-11,1.3122331871110769e-16
1.3042272008929279e-06,0.9999103299333103,8.836583948878885e-05
1.6921870514938053e-16,8.35042083795286e-16,0.999999999999999
8.54064789236111e-15,1.1195074723895172e-16,0.9999999999999913
0.9999999999816644,1.831548051855295e-11,2.0116395219193572e-14
0.999999997483374,2.5166257183183044e-09,3.1632706280249916e-16
0.9999998289854778,1.7101447021489595e-07,5.205843935768278e-14
9.650142387781762e-12,0.9999997990159244,2.0097442540275614e-07
0.999999999979949,1.985728963415916e-11,1.9351133161176173e-13
6.612694226216286e-17,3.475698277720973e-18,0.9999999999999999
1.9779619857544873e-14,9.389523843829561e-16,0.9999999999999793
2.202886499515154e-10,0.9999999996739606,1.057508074996847e-10
1.0290137745599473e-20,1.2178155780137788e-23,1.0
1.876784884865736e-18,5.512262102876055e-17,1.0
0.9999999997761303,2.2302418286001296e-10,8.454917396621955e-13
3.938904026192325e-16,0.999999998140948,1.8590516327616177e-09
0.9999999999986109,1.3890560921399831e-12,3.0669101975111237e-21
0.9999996179200925,3.820799074692337e-07,6.19434262664772e-18
1.658641186906463e-18,1.6882932896448595e-12,0.9999999999983117
0.9999995503310003,4.496689996823572e-07,9.010329435754159e-20
1.690305129553458e-20,2.971240073743348e-23,1.0
3.3930865615888513e-12,0.9999863529131747,1.3647083432141522e-05
7.108713265604347e-11,0.9999999707529208,2.9175992201233727e-08
3.2021417423585843e-13,5.7625869510176934e-18,0.9999999999996798
1.0144819871227399e-12,0.9999999957170278,4.281957618095798e-09
4.5359959482464745e-14,8.771214415413973e-13,0.9999999999990776
0.9999999990215517,9.784484033257952e-10,8.635735049984558e-20
6.915751793033957e-20,2.5572880476301088e-20,1.0
9.491758981585774e-09,0.9999962658264541,3.724681786983656e-06
0.9999999917051218,8.294825083555446e-09,5.3274539963920866e-14
4.947099996339565e-20,1.0426931952235824e-19,1.0
1.4864588654450266e-14,2.317100451812252e-15,0.9999999999999828
3.6443196499140026e-20,7.795286824875251e-18,1.0
1.856709670909981e-16,0.9999999237023294,7.629767046054659e-08
0.9999999999998072,1.9276182578721674e-13,1.1915693803249103e-18
0.9999999999952912,4.7087655950000234e-12,5.829952552949907e-17
2.1012270994085124e-12,0.9999999911022603,8.8956383647835e-09
1.0275027697219137e-05,0.9999897247434836,2.288192326738653e-10
0.9999999999930043,6.975871094182911e-12,1.9789105818741534e-14
0.9999999999995357,4.642562960856835e-13,2.580323791934635e-22
1.1528833596426297e-16,9.217191870823609e-12,0.9999999999907826
1.6088446754552782e-11,0.9999907826081985,9.217375712965829e-06
0.9999991674927614,8.325072385504164e-07,4.986346023956052e-18
0.9999999999999972,2.7959229907028164e-15,1.645144079218899e-25
1.391054036291878e-23,4.667270665647968e-29,1.0
1.6947095268915155e-05,0.002155201100077428,0.9978278518046536
0.9999984838270121,1.5160519989409608e-06,1.2098888184317436e-10
1.5599987996029888e-11,4.291391153615634e-08,0.9999999570704884
0.9999996633567271,3.366432645222287e-07,8.461671151676236e-15
2.8470761874902883e-18,0.9999999982720147,1.7279852740276375e-09
0.9999999999999999,1.565909195765238e-16,3.981909521168576e-23
0.9999999993477606,6.522393072852835e-10,9.541032724405756e-21
1.0419801709949216e-08,0.951582703211096,0.04841728636910228
2.0621850972126306e-18,1.6945731824084695e-15,0.9999999999999982
1.5045331902356213e-12,4.612654704698848e-09,0.9999999953858408
0.9999999999841521,1.58479287228496e-11,2.1738488738801862e-23
5.422313127681861e-11,0.9999999315125181,6.84332587989768e-08
8.554849261094577e-13,1.2552072919371395e-12,0.9999999999978894
0.9999999877767115,1.2223288529082493e-08,8.780487006589623e-21
6.130297540809709e-17,3.2711813793497797e-16,0.9999999999999996
6.982522380414077e-19,1.0621317290405776e-17,1.0
0.9999999997396481,2.603514814402831e-10,3.645882219395862e-16
0.9999999998190329,1.8092861458286533e-10,3.8590502386144385e-14
3.037293152850156e-13,0.9999996982930924,3.0170660377832775e-07
3.910669963036376e-13,1.0998445230877399e-10,0.9999999998896245
0.9999999922913809,7.708619038538685e-09,6.345692602174738e-22
3.2542130617494035e-09,0.9997575389834252,0.00024245776236156495
0.999999971293734,2.336614242940266e-08,5.3401236006634856e-09
0.9999981283882485,1.8716117497650566e-06,1.8179943393565417e-15
5.098889096686422e-13,0.9999999997372081,2.622820160222959e-10
1.5172823753504328e-06,0.9999982238649909,2.5885263357740244e-07
0.9999981009495035,1.8990503600361381e-06,1.3639341112436826e-13
3.8829875295739443e-08,0.9999994798395857,4.81330538931693e-07
2.3351236882176428e-07,1.835479371440436e-08,0.9999997481328375
0.9999997425265186,2.244569991064139e-07,3.3016482260135145e-08
4.2080117980766714e-10,0.9999920608928727,7.938686326092068e-06
4.3686038011432876e-12,0.9999999598358337,4.0159797794269023e-08
0.9999999999997096,2.9034383696432583e-13,9.8753668573986e-19
0.9999999874952937,1.2504111232888026e-08,5.951382072262547e-13
3.978861052866536e-14,0.9999999200083547,7.999160547844652e-08
2.3770991752258374e-09,0.9999999975933846,2.9516319517187304e-11
6.37042569754068e-20,1.1778703448982687e-21,1.0
2.446300231807157e-20,1.8585749299782103e-19,1.0
9.148644131785327e-18,4.467641070044514e-18,1.0
0.9999999984263183,1.573681703806025e-09,2.7208049862429654e-22
0.9999999991297698,8.702302843985944e-10,3.928335045097912e-18
1.8942050387624222e-17,2.0535879860754985e-18,1.0
6.759486429325261e-08,0.9999998867319404,4.5673195284342886e-08
0.9999999959159608,4.080896909643967e-09,3.1424107012566515e-12
2.963311979986827e-17,0.9999999924582822,7.54171770913399e-09
4.256083056763738e-18,0.9999999994751386,5.248613383440368e-10
0.99999999999998,1.994293482153416e-14,9.673735955343821e-21
2.267930433922124e-09,0.9999999963256742,1.4063955095519174e-09
7.40193305606697e-14,5.559918903162464e-17,0.999999999999926
5.062507107727737e-16,1.4965756620429217e-20,0.9999999999999994
1.838719706602704e-07,0.9999806259612599,1.91901667694344e-05
1.4760658654758158e-12,0.9999999999853163,1.3207611520603836e-11
0.9999999999942716,5.7280500878849185e-12,4.973781190745146e-16
8.775582219377906e-18,2.014271042038355e-17,1.0
4.553268016351831e-10,5.8626605291887416e-09,0.9999999936820128
0.9999991435445115,8.564548431025472e-07,6.453050864240435e-13
4.638851976615949e-10,0.9999260372317539,7.39623043608268e-05
1.0584677851987657e-20,4.2621113624186884e-20,1.0
0.9999999999996863,3.1380198170899686e-13,4.552493717790906e-18
0.9999999996944394,3.0556048397126325e-10,2.0680709297396144e-20
3.0914295554014425e-08,0.9999999690856146,8.989100027439144e-14
4.519408866263329e-15,1.1575255151610772e-10,0.9999999998842429
2.2007085852942255e-13,0.9999999876343701,1.2365409928917566e-08
0.9999999999399125,6.008757870589694e-11,9.29361191968818e-21
2.2309384114686396e-09,0.9999999971910414,5.780201755939819e-10
1.3386735970497178e-23,7.821774754897896e-26,1.0
1.5230133071154104e-16,7.781723240209472e-14,0.9999999999999221
0.9999999999999833,1.6730454452153206e-14,5.135480050994783e-26
0.9999999998142787,1.8572131506747653e-10,5.135574171403631e-19
1.2612641147534506e-18,4.785776792696094e-26,1.0
0.9996589630744489,0.0003410351674561182,1.7580950320296495e-09
1.3246641298225826e-12,0.9999999977278551,2.2708202784520856e-09
4.373158099916763e-20,1.0446777169754263e-21,1.0
4.665942228126479e-18,3.0687447559248502e-21,1.0
0.999999999999713,2.8697459269473515e-13,1.6890547744460413e-18
0.9999999999738265,2.6173292594805047e-11,1.6900767646554358e-16
1.3120540004170633e-12,1.850035569755384e-12,0.9999999999968379
0.9999999999909167,9.08319597523312e-12,1.4871770332749125e-16
5.854169869453327e-11,1.2151957160569706e-14,0.9999999999414462
0.9999999966836945,3.3163034593542043e-09,2.1018791078759343e-15
3.1723503996867064e-28,4.0716299986415214e-30,1.0
1.6325342142144663e-20,5.836734667232523e-16,0.9999999999999994
0.9999999730968736,2.6903126443220644e-08,1.515775099186004e-17
9.290369472611623e-16,2.9452371626345246e-14,0.9999999999999696
0.9999999994520467,5.479533918990278e-10,9.021729505527335e-20
9.47217569557118e-20,0.9999999999264035,7.359647726296467e-11
2.7857147125672175e-25,1.0015037044813553e-26,1.0
3.4794572777724275e-08,0.9999999621629764,3.0424508758618774e-09
1.404506393827759e-13,0.9999992607002589,7.39299600636805e-07
0.9989412401512872,0.001058759848605111,1.07720191427001e-13
0.9999999998137026,1.8629499766086325e-10,2.5649224329883438e-15
9.54953471108464e-13,1.0940515613342126e-10,0.99999999988964
2.5278630835820027e-12,0.9999999993724774,6.249946479416647e-10
2.547237523062215e-09,0.9999992052509504,7.922018120210763e-07
0.9999999960425413,3.957422617396522e-09,3.6206019111123537e-14
1.4298759129278673e-16,0.9999999985213811,1.4786187834427976e-09
0.9999998677596555,1.3220710757574638e-07,3.3236912439527634e-11
4.84274633157212e-16,1.9733164951569547e-15,0.9999999999999974
5.470680057184908e-18,3.1089347561547514e-18,1.0
2.8519927661342934e-19,4.017834828206948e-19,1.0
0.9999999914731302,8.526833732389702e-09,3.6101971140267525e-14
0.999999999999999,9.51310477660724e-16,3.90627842807287e-19
0.9999999986001806,1.3998193046491699e-09,1.32428142701823e-17
0.9999999964650681,3.5349317764295783e-09,1.3595330484456876e-16
9.197026446141022e-10,0.9998654413374385,0.0001345577428588495
2.124344442500346e-22,2.2410780852673958e-26,1.0
0.999999996156093,3.84390708100381e-09,4.9952626741711427e-20
0.9999999999843077,1.5692429151594518e-11,1.9007017419932395e-18
6.531221004162132e-08,0.9999999344786596,2.0913028901513488e-10
9.544740774516123e-18,5.546937182233332e-18,1.0
0.999999999999831,1.688644193397128e-13,6.70822061375278e-33
1.6400715008696135e-21,1.4762204411076412e-26,1.0
9.412071991200335e-14,1.400652069516143e-10,0.9999999998598407
1.4337027967384627e-19,0.9999999796115004,2.0388499525063105e-08
0.9999995054727102,4.945272897160644e-07,1.4901797445701027e-18
1.347838266282077e-16,4.1462056409704893e-20,0.9999999999999999
0.999999999999962,3.7933440255411623e-14,8.393668855115886e-24
2.275985162440944e-11,0.9999999016508239,9.832641624167145e-08
3.1489762615137775e-17,2.6628858449466672e-15,0.9999999999999973
0.9999999997169997,2.830003413192598e-10,1.5012827252466928e-17
1.5865999080942364e-14,0.9999998844852126,1.1551477149343807e-07
0.00029636574846622903,0.9997036205080584,1.374347533155366e-08
0.9999999724054098,2.7446649499349326e-08,1.4794066873845904e-10
0.9999999999994772,5.228924132492653e-13,2.1067939330438093e-19
1.513102225992879e-17,1.1599668253518536e-17,1.0
1.5425346928332198e-13,0.9999999622674876,3.773235815008805e-08
6.252303631673368e-14,3.6599010984348594e-14,0.9999999999999009
5.969733153602976e-14,7.143123757694566e-12,0.9999999999927972
0.9999999782842198,2.1715778842623234e-08,1.2591959722616863e-15
6.7523792044979686e-12,0.9999999907825383,9.210709356676669e-09
4.5450416482061865e-11,0.9999982124112233,1.7875433263303537e-06
0.9999999999852923,1.4707714679703986e-11,9.274677514028167e-18
1.936496113036965e-23,2.0960018620848083e-24,1.0
0.9999999987116713,1.2883283251672259e-09,2.5977148811359214e-16
1.286747582068123e-19,1.3715250188157906e-16,0.9999999999999998
3.330705111643747e-14,0.9999999988969456,1.1030211665712985e-09
1.057240172347837e-16,0.9999999987712093,1.228790624616275e-09
1.8212151266348432e-17,4.838948970480071e-21,1.0
6.487597961372797e-15,4.9384444931581645e-12,0.9999999999950551
5.0748226713663345e-20,3.7008396786507147e-20,1.0
0.9999999996225241,3.7747598308487404e-10,1.76663883684822e-22
4.554944426167542e-13,2.7835460024324487e-11,0.999999999971709
0.9999999999286564,7.13434837306605e-11,6.098120136355465e-23
0.9999999968733221,3.126232383249137e-09,4.4555860064385007e-13
0.999999989038374,1.0961626146453155e-08,7.37399915121377e-20
0.9999992095259205,7.902994726773959e-07,1.7460686743929814e-10
0.9999999999334577,6.654235196560857e-11,4.5826733553604434e-18
6.726771168211361e-22,2.445277606269338e-22,1.0
0.999999999997459,2.5411023450620313e-12,1.5408751050586769e-21
5.26922501593908e-13,3.0633901057492305e-14,0.9999999999994424
1.1055163670887011e-07,0.9999998894444795,3.8836477253298215e-12
0.999999999557735,4.4226441537145905e-10,6.397819592907494e-16
6.968341245369769e-12,7.0836029434340876e-09,0.9999999929094286
0.9999999999768614,2.3138582624012907e-11,1.2798992498146086e-20
0.9999999999997056,2.943803252580555e-13,5.229784544063004e-22
1.952616089858594e-24,1.2622465456930546e-21,1.0
0.999999999967465,3.253502066316221e-11,2.116315604015933e-19
0.9999999999998909,1.0913806403431295e-13,9.28249419191895e-25
0.9999999999966706,3.32936105474941e-12,1.1463216620825674e-22
0.9999999999997717,2.282089747243616e-13,4.054811193367238e-19
4.3169420699072004e-14,4.1570734575339957e-13,0.999999999999541
0.9999999990916653,9.082997885626556e-10,3.500878001376608e-14
1.392529103913307e-08,1.8825173994082837e-08,0.999999967249535
3.4801997603749003e-15,0.9999745922660632,2.5407733933182616e-05
0.9999996311512986,3.688349404700419e-07,1.3760895070859378e-11
0.9999999998483414,1.516586458198572e-10,4.0027579272061094e-19
0.9999999999995212,4.787997638283973e-13,1.0863110401026072e-20
0.999999994987259,4.975991553049181e-09,3.674943979726133e-11
0.9999998046782289,1.953217710665205e-07,1.2454447673598843e-17
0.9999999801695909,1.983034683248838e-08,6.225387070262323e-14
2.0349475693306023e-15,0.9999997312796276,2.687203702723217e-07
0.9999999999996649,3.3496808494206476e-13,3.403977116821752e-17
6.626988958726962e-28,2.0695523958169897e-30,1.0
1.3105356063520297e-09,0.9999999985837542,1.0571012910382354e-10
1.6542593304912765e-12,0.9999999894759481,1.0522397446061126e-08
1.6529380882927887e-12,0.9999999861416208,1.3856726268577524e-08
1.4311089602197797e-12,0.9999999985907491,1.407819854674444e-09
8.004664396000704e-12,3.2920671214109854e-12,0.9999999999887033
0.9999999999992486,7.514039993613088e-13,9.692208151901483e-21
1.823988398792346e-08,0.99999975850403,2.232560858996149e-07
6.293787560561182e-22,1.3146047256806607e-27,1.0
1.107952920443888e-13,0.9999999993202322,6.796570237630899e-10
1.4679658958357956e-10,0.9999999064062257,9.344697776586793e-08
3.6874986869061606e-13,2.155670374079621e-18,0.9999999999996313
0.9999999999999999,5.951713519898307e-17,6.66595469532574e-28
2.1302035237022893e-10,5.382003118648541e-12,0.9999999997815976
3.584319747121542e-08,0.9999999542106791,9.946123416009996e-09
7.057880788555374e-16,0.9999999961580952,3.841904171361511e-09
2.0896087597490332e-14,1.4094212439971705e-16,0.9999999999999789
0.999999998899211,1.1007889476106623e-09,1.6870636183622502e-19
0.9999999999781686,2.183133696969277e-11,3.0639141165240484e-21
2.0234425123815663e-17,8.055132474032289e-13,0.9999999999991944
1.2733893714889494e-12,1.0829718035000403e-12,0.9999999999976437
0.9999999999999974,2.5457182552831066e-15,2.669852188184322e-20
1.3093276611649244e-18,1.2877400208896057e-18,1.0
0.9999999887585019,1.1206715668730954e-08,3.4782434905004916e-11
0.9999999999999982,1.735998591322378e-15,3.3081614178188806e-26
0.9999461962541596,5.3802026341806324e-05,1.7194986859068397e-09
0.999999999999646,3.540482458721092e-13,1.6575956760965665e-23
5.493328998866646e-08,0.9999999425704417,2.4962683995441995e-09
1.2941483777350158e-16,1.888827015214112e-14,0.999999999999981
1.1748472720540177e-13,0.999999235001366,7.649985164402674e-07
3.6574820665918405e-13,8.014752383514101e-13,0.9999999999988328
