Mu_1,3.080319088095619,-1.897406030554307

Mu_2,-4.951251810973703,-3.008646131824152

Mu_3,4.89897553839395,3.1127203763821667

Mu_4,-4.882197436191301,2.972971667154277

Sigma_1,1.2279303156719352,0.7614173079237798,0.7614173079237799,1.1396888912450103

Sigma_2,1.5140318335953644,0.3618143040981461,0.3618143040981461,0.8131686524618807

Sigma_3,0.8721190895177485,-0.10890615989458884,-0.10890615989458888,1.5873379908900018

Sigma_4,0.643330475050303,-0.29148291584286856,-0.29148291584286856,1.2101505006643356

Pi,[0.2799809971370967],[0.2504186976011869],[0.22001840656094115],[0.2495818987007752]

